-0.092  0.092   0.079   -0.127                                              
-0.016                                                          
-0.66   0.302   0.023   -0.023                                              
-0.196  0.196   0.133   -0.279                                              
-0.1    0.074   0.126   -0.126                                              
-0.472                                                          
-0.122                                                          
-0.022  0.002   0   -0.006                                              
-0.017                                                          
-1.587  0.288   0.054   -0.054                                              
-0.048  0.023   0   -0.015  
-0.126  0.015   0.111   0.0 0.0 -0.039  0.011   0.028   0.091   0.0 -0.158  0.0 0.049   0.0 0.0 -0.049  
-0.8    
-0.048  0.016   0.0 0.032   0.0 -0.24   0.129   0.111   0.0 0.024   -0.125  0.0 0.0 0.0 0.027   -0.027  
-0.035  0.022   0.0 -0.082  
-0.283  0.024   0.0 -0.424  
-0.09   
-2.03   
-1.13   0.837   0.0 -0.334  
-0.13   0.068   0.066   -0.066  
-0.032  
-0.013  0.0 0.09    -0.09   
-0.36   
-0.031  
-6.016  
-0.02   
-0.501  
-0.014  
-0.6    
-0.02   
-0.027  0.013   0.0 -0.014                                              
-0.515  0.283   0   -0.041                                              
-0.016                                                          
-0.081                                                          
-0.585  0.498   0.488   -0.488                                              
-0.252                                                          
-1.431  1.097   0   -0.011                                              
-0.196  0.196   0.133   -0.279                                              
-0.433  0.089   0.082   0.062   0   -0.05   0.05    0   0.109   0   -0.109  0   0   0   0   -0.098
-0.092  0.092   0.079   -0.127                                              
