-2.052	0.254	0.979	0.433	0.0	-0.842	0.0	0.842	0.0	0.841	-0.841	0.0	0.0	0.0	0.0	-0.765	
-0.016	
-0.15	0.091	0.0	-0.107	
-0.018	
-0.021	0.004	0.0	-0.046	
-0.17	
-0.018	
-0.023	
-0.093	0.093	0.43	-0.966	
-0.112	0.112	1.166	-2.304	
-0.174  
-0.272  
-7.114  4.432   0.0 2.083   0.0 -10.119 1.874   8.245   0.0 3.987   -3.987  0.0 3.394   0.0 0.0 -3.394  
-0.27   
-0.03   
-1.13   
-0.016  
-0.3    
-0.133  
-0.015  
-2.558  0.814   0.0 -0.213  
-0.033  
-1.086  0.479   0.234   -0.234  
-0.043  0.001   0.005   -0.005  
-0.73   
-0.517  
-0.14   
-1.152  1.152   3.728   -8.157  
-0.028  
-0.194  0.153   0.0 -0.024  
-0.129	0.065	0.04	-0.04	
-0.093	0.06	0.054	-0.054	
-0.21	
-0.067	
-0.145	
-0.208	0.129	0.043	-0.043	
-0.014	
-0.23	
-0.227	0.083	0.212	-0.212	
-0.209	0.041	0.441	-0.441	
