-0.013                                                          
-0.05   0.017   0   -0.018                                              
-0.059  0.011   0.02    0.028   0   -0.023  0   0   0   0   -0.034  0   0   0   0.016   -0.016
-0.148  0.124   0   -0.103                                              
-0.084                                                          
-0.014                                                          
-0.046  0.014   0.034   -0.034                                              
-0.027                                                          
-0.283  0.233   0.498   -0.498                                              
-0.3                                                            
-0.108  0.073   0.227   -0.227                                              
-0.029  0.01    0   -0.009                                              
-0.601  0.601   0.111   -0.147  
-0.5  
-14.808 
-0.617  0.11    0.082   0.195   0.233   -0.233  0.0 0.0 0.0 0.0 -0.122  0.122   0.0 0.062   0.0 -0.062  
-1.814  
-3.056  2.528   1.799   -1.799  
-0.022  
-0.6  
-0.017  
-0.16  
-0.028  
-0.018  0.007   0.0 -0.022  
-0.402  0.402   0.277   -0.72   
-0.8  
-0.021  
-0.214  0.01    0.203   -0.203  
-0.136  
-0.014  
-0.078  0.053   0.0 -0.021  
-0.989  0.64    0.0 -0.83   
-0.065                                              
-0.135  0.059   0.033   -0.033                                              
-0.111                                                          
-0.056                                                          
-0.24                                                           
-0.073                                                          
-0.389  0.138   0.138   0   0   -1.028  0   0.924   0   0   -0.204  0.204   0.191   0   0   -0.191
-0.016                                                          
