-0.292  0.128   0.133   -0.133                                              
-0.136  0.085   0.05    -0.05                                               
-0.175  0.029   0.181   -0.181                                              
-0.016                                                          
-0.03   0.012   0.032   -0.032                                              
-0.053  0.044   0   -0.039                                              
-0.021                                                          
-2.452  0   0.169   2.283   0   -4.529  0.657   1.778   2.182   0   -2.182  0   0   0.784   0   -0.784
-0.014                                                          
-0.166                                                          
-0.027                                                          
-0.185  0.185   0.485   -0.572                                              
-0.025                                                          
-0.14       
-0.069  
-0.024  0.002   0.026   -0.026  
-0.31   0.15    0.077   -0.077  
-0.028  
-0.016  
-0.321  0.117   0.17    -0.17   
-0.336  
-0.66   
-0.015  
-0.028  
-0.106  0.064   0.0 -0.011  
-0.118  0.094   0.0 -0.012  
-0.016  
-0.109  0.109   1.159   -1.49   
-0.126  0.015   0.111   0.0 0.0 -0.039  0.011   0.028   0.091   0.0 -0.158  0.0 0.049   0.0 0.0 -0.049  
-0.8    
-0.056  
-0.192  0.131   0.0 -0.023  
-0.04   
-0.014                                                      
-0.025                                                          
-0.12   0.063   0.242   -0.242                                              
-0.022                                                          
-0.257  0   0.099   0   0.106   -0.384  0   0.111   0   0.084   -0.084  0   0   0   0.151   -0.151
-0.013                                                          
-0.128  0.044   0.012   0.03    0.061   -0.061  0   0   0.051   0   -0.051  0   0   0   0.088   -0.088
