-0.67   0.592   0.33    -0.33                                               
-0.2                                                            
-0.23                                                           
-0.014                                                          
-0.124  0.078   0.07    -0.07
-0.022  
-0.088  0.088   0.046   -0.121  
-1.014  
-0.03   
-0.4    
-1.1    
-0.141  0.091   0.031   -0.031  
-3.016  
-0.013  
-0.13   
-0.014  
-0.027  
-0.7    
-0.087  
-0.904  
-0.052  0.041   0.0 -0.034  
-2.013  
-0.026  0.026   0.015   -0.07   
-0.05   
-0.3                                                   
-0.035  0.017   0   -0.028                                              
-0.032                                                          
-0.896  0.497   0.187   -0.187                                              
-0.061                                                          
-0.028  0.004   0.016   -0.016                                              
-0.015                                                          
-0.15                                                           
-0.05                                                           
-0.718  0.151   0.214   0.258   0.111   -0.111  0   0   0   0   -0.209  0   0   0   0   -0.017
-0.015                                                          
-0.342                                                          
-0.313  0.292   0   -0.224                                              
-0.057                                                          
-0.452  0.137   0.089   0.151   0   -0.007  0   0   0.054   0   -0.054  0   0   0   0   -0.046
-0.057  0.03    0   -0.022                                              
