-0.161  0.064   0.046   -0.046                                              
-0.073                                                          
-0.987  0.806   0.181   0   0   -1.785  0.649   0.407   0.609   0   -0.609  0   0   0   0.427   -0.427
-0.039                                                          
-0.03   0.014   0   -0.011                                              
-0.126  0.07    0.056   -0.056                                              
-0.031                                                          
-0.134  0.019   0   -0.031
-0.118  0.085   0.059   -0.059  
-0.015  
-0.04   0.018   0.0 -0.011  
-0.021  
-0.121  
-0.762  
-0.07   0.069   0.0 -0.043  
-0.6
-0.025  
-0.03   0.014   0.0 -0.011  
-0.184  
-0.031  
-0.652  0.048   0.0 -0.476  
-0.07   0.046   0.0 -0.031  
-0.12   
-0.199  
-0.015  
-0.026  
-0.5    
-0.26                                                
-0.07   0.046   0   -0.031                                              
-0.03   0.014   0   -0.011                                              
-0.184                                                          
-0.031                                                          
-0.153  0.106   0   -0.051                                              
-0.07   0.046   0   -0.031                                              
-0.705  0.679   1.421   -1.421                                              
-0.016                                                          
-0.16                                                           
-0.017                                                          
-0.086  0.069   0   -0.015                                              
-0.023                                                          
