-0.014                                                          
-0.041  0.011   0.017   -0.017                                              
-0.111  0.019   0.012   0.014   0   -0.013  0   0.013   0   0   -0.03   0   0   0   0   -0.057
-0.018                                                          
-0.265  0.214   0   -0.048                                              
-0.019                                                          
-0.039                                                          
-0.02                                                           
-0.107  0.034   0.027   0   0   -0.067  0   0.006   0   0   -0.054  0.054   0.039   0   0   -0.039
-0.104                                                          
-0.172  0.073   0   -0.01 
-0.073  0.034   0.024   -0.024  
-0.016  
-0.132  
-0.026  
-0.28   
-0.053  
-0.017  
-1.14   
-0.3    
-0.137  
-0.032  0.002   0.006   -0.006  
-2.031  
-0.07   0.07    0.028   -0.07   
-0.227  0.041   0.114   0.004   0.0 -0.004  0.0 0.0 0.0 0.0 -0.122  0.0 0.0 0.108   0.0 -0.108  
-0.025  
-0.4    
-0.03  
-0.28   
-0.247  0.194   0.119   -0.119  
-0.016                                                
-0.739  0.397   0   -0.326                                              
-0.044                                                          
-0.039  0.012   0   -0.008                                              
-0.257  0.133   0.054   -0.054                                              
-0.017                                                          
-0.227  0.227   0.471   -1.945                                              
-0.016                                                          
-0.238  0.238   0.138   -0.171                                              
-0.258  0.153   0   -0.073                                              
