-0.075  0.058   0.275   -0.275                                              
-0.369  0.199   0.035   -0.035                                              
-1.967                                                          
-0.061  0.033   0   -0.01                                               
-0.049  0.007   0.011   0.014   0   -0.018  0   0   0   0   -0.014  0   0   0   0   -0.018
-0.036  0   0   -0.016                                              
-0.098                                                          
-0.521  0.154   0.181   0.144   0   -0.214  0   0   0.027   0   -0.027  0   0   0   0.109   -0.109
-0.333  0.173   0   -0.047  
-0.99  
-0.029  
-7.103  3.076   0.0 -0.282  
-0.026  
-0.063  
-0.013  
-0.105  0.032   0.087   -0.087  
-0.7   
-0.028  
-0.03   0.009   0.0 -0.01   
-0.138  
-1.03   
-0.013  
-0.075  0.058   0.275   -0.275  
-0.369  0.199   0.035   -0.035  
-7.586 
-0.582  0.359   0.165   -0.165  
-0.09   
-0.022  
-0.15                                              
-0.22                                                           
-0.354  0.125   0.151   -0.151                                              
-0.028                                                          
-0.036  0.033   0   -0.048                                              
-0.24   0.044   0.175   -0.175                                              
-0.022                                                          
-0.9                                                            
-0.2                                                            
-0.472  0.205   0   -0.057                                              
-0.524                                                          
-7.103  3.076   0   -0.282                                              
