-0.138  0.037   0.009   -0.009                                              
-0.07                                                           
-0.087                                                          
-0.06   0.031   0   -0.017                                              
-0.159  0.085   0   -0.034                                              
-1.399  0.944   0.497   -0.497                                              
-0.097  0.072   0   -0.03                                               
-0.038                                                          
-0.09                                                           
-0.016                                                          
-0.025                                                          
-0.22                                                           
-0.084  0.001   0.034   0.037   0   -0.005  0   0.005   0   0   -0.026  0.026   0   0   0   -0.008
-0.1                                                            
-1.99   1.99    9.445   -20.964                                             
-0.018                                                          
-0.251  0.082   0.151   -0.151
-0.017
-0.3    
-0.029  0.004   0.018   -0.018  
-0.031  
-0.231  
-0.31   0.185   0.0 -0.133  
-0.04   0.006   0.0 0.0 0.0 -0.025  0.025   0.0 0.0 0.024   -0.055  0.031   0.0 0.0 0.0 -0.006  
-0.023  
-0.22       
-0.083  0.064   0.0 -0.042  
-0.027  
-0.13
-0.092  0.012   0.041   0.0 0.0 -0.073  0.0 0.041   0.0 0.0 -0.036  0.0 0.0 0.022   0.0 -0.022  
-0.202  
-0.028  
-0.6    
-0.025  0.004   0.05    -0.05   
-0.28   
-0.022  
-0.201  0.13    0.0 -0.009                                                
-0.164  0.122   0   -1.906                                              
-0.495  0.382   0.411   -0.411                                              
-0.093  0.093   0.046   -0.077                                              
