-0.118  0.094   0   -0.012                                              
-0.109  0.109   1.159   -1.49                                               
-0.166                                                          
-0.027                                                          
-0.185  0.185   0.485   -0.572                                              
-0.02                                                           
-0.037  0.017   0.02    0   0   -0.063  0   0.031   0   0   -0.039  0.012   0   0   0.036   -0.036
-0.083                                                          
-1.475  0.685   0.021   -0.021                                              
-0.1    0.035   0.032   -0.032                                              
-0.087  0.048   0   -0.023                                              
-0.14                                                           
-0.05                                                           
-0.106  0.064   0   -0.011
-0.821  0.699   0.095   -0.095  
-0.017  
-0.059  
-0.6    
-0.013  
-0.234  
-0.02   
-0.033  0.007   0.043   -0.043  
-0.074  
-0.458  0.025   0.121   0.211   0.15    -0.15   0.0 0.0 0.085   0.0 -0.085  0.0 0.201   0.0 0.0 -0.201 
-0.065  
-0.04   
-0.605  0.417   0.0 -0.195  
-2.956  2.182   2.893   -2.893  
-0.3    
-0.24   
-0.064  
-1.014  
-0.161  0.127   0.84    -0.84   
-0.4                                                  
-0.049  0.023   0   -0.052                                              
-0.321  0.117   0.17    -0.17                                               
-2.452  0   0.169   2.283   0   -4.529  0.657   1.778   2.182   0   -2.182  0   0   0.784   0   -0.784
-0.24   0.129   0.072   -0.072                                              
-0.069                                                          
-0.128  0.044   0.012   0.03    0.061   -0.061  0   0   0.051   0   -0.051  0   0   0   0.088   -0.088
