-0.026  
-1.577  0.391   0.627   0.114   0.253   -0.253  0.0 0.0 0.0 0.332   -0.332  0.0 0.0 0.0 0.006   -0.006  
-0.016  
-0.097  0.085   0.0 -0.044  
-6.863  5.172   1.849   -1.849  
-0.13  
-38.501 38.448  58.038  -58.038  
-0.08  
-0.74   0.74    0.495   -1.556  
-0.097  0.041   0.0 -0.046  
-0.079  
-2.14  
-0.05   0.035   0.015   0.0 0.021   -0.057  0.0 0.006   0.0 0.055   -0.055  0.0 0.0 0.0 0.0 -0.056  
-0.04  
-0.032  0.012   0.053   -0.053  
-0.014  
-0.032  0.012   0.053   -0.053  
-2.696  1.259   0.291   -0.291  
-0.056  
-0.15   
-0.023  
-0.013  
-0.127  
-0.013  
-0.25   
-0.021  
-0.132  
-0.245  
-0.02   
-12.771 12.771  7.502   -7.609  
-0.027  
-0.7    
-0.097  0.085   0.0 -0.044  
-0.14   0.05    0.0 -0.146  
-6.863  5.172   1.849   -1.849  
-2.696  1.259   0.291   -0.291  
-0.056  
-0.205  
-0.02   
-12.771 12.771  7.502   -7.609  
