-0.016                                                          
-0.094  0.044   0   -0.011                                              
-0.053  0.044   0   -0.039                                              
-1.033  1.033   0.65    -1.453                                              
-0.109  0.109   1.159   -1.49
-0.016  
-0.13   
-0.033  0.003   0.0 -0.012  
-0.023  0.009   0.104   -0.104  
-0.3    
-0.218  
-0.036  0.03    0.0 -0.041  
-0.6    
-0.167  
-0.153  
-0.5    
-0.029  
-0.57   0.144   0.299   0.015   0.0 -0.061  0.061   0.0 0.0 0.0 -0.287  0.287   0.2 0.0 0.0 -0.2    
-0.028  
-0.048  0.016   0.0 0.032   0.0 -0.24   0.129   0.111   0.0 0.024   -0.125  0.0 0.0 0.0 0.027   -0.027  
-0.035  0.022   0.0 -0.082  
-0.031  
-3.03   
-0.05  
-0.283  0.024   0.0 -0.424                                                 
-0.126  0.015   0.111   0   0   -0.039  0.011   0.028   0.091   0   -0.158  0   0.049   0   0   -0.049
-0.166                                                          
-0.027                                                          
-0.185  0.185   0.485   -0.572                                              
-0.02                                                           
-0.14                                                           
-0.106  0.064   0   -0.011                                              
-0.118  0.094   0   -0.012                                              
-0.21                                                           
-0.015  0.001   0   -0.013                                              
-0.128  0.044   0.012   0.03    0.061   -0.061  0   0   0.051   0   -0.051  0   0   0   0.088   -0.088
-0.069                                                          
-0.024  0.002   0.026   -0.026                                              
-0.31   0.15    0.077   -0.077                                              
-0.049  0.023   0   -0.052                                              
