-0.026  
-1.577  0.391   0.627   0.114   0.253   -0.253  0.0 0.0 0.0 0.332   -0.332  0.0 0.0 0.0 0.006   -0.006  
-0.016  
-0.097  0.085   0.0 -0.044  
-0.175  0.113   0.0 -0.01   
-0.111  
-0.065  0.045   0.0 -0.032  
-0.015  
-2.947  1.011   0.0 -0.245  
-0.246  
-0.02   
-0.031  0.023   0.0 -0.017  
-0.28   
-0.802  0.016   0.0 0.46    0.0 -1.758  0.877   0.0 0.0 0.0 -0.1    0.0 0.0 0.0 0.297   -0.297  
-0.036  0.036   0.009   -0.039  
-0.03   
-0.417  
-1.028  
-0.432  
-6.251  
-0.296  0.184   0.028   -0.028  
-0.5    
-0.024  
-0.174
-6.863  5.172   1.849   -1.849  
-0.13  
-38.501 38.448  58.038  -58.038  
-0.08  
-0.74   0.74    0.495   -1.556  
-0.097  0.041   0.0 -0.046  
-0.079  
-2.14  
-0.05   0.035   0.015   0.0 0.021   -0.057  0.0 0.006   0.0 0.055   -0.055  0.0 0.0 0.0 0.0 -0.056  
-0.04  
-0.032  0.012   0.053   -0.053  
-2.696  1.259   0.291   -0.291  
-0.056  
-0.205  
-0.02   
-12.771 12.771  7.502   -7.609  
