-0.174                                                          
-0.259  0.166   0.084   -0.084                                              
-0.131  0.072   0   -0.045                                              
-0.043  0.013   0.05    -0.05                                               
-0.66                                                           
-0.128  0.044   0.012   0.03    0.061   -0.061  0   0   0.051   0   -0.051  0   0   0   0.088   -0.088
-0.205  
-0.57   0.144   0.299   0.015   0.0 -0.061  0.061   0.0 0.0 0.0 -0.287  0.287   0.2 0.0 0.0 -0.2    
-0.016  
-0.114  
-1.014  
-0.092  0.012   0.041   0.0 0.0 -0.073  0.0 0.041   0.0 0.0 -0.036  0.0 0.0 0.022   0.0 -0.022  
-0.18   
-0.148  0.017   0.0 -0.077  
-0.544  
-0.027  
-0.035  0.005   0.006   -0.006  
-1.014  
-0.3    
-0.034  0.016   0.0 -0.014  
-0.5    
-0.03   
-0.055  0.022   0.0 -0.014  
-0.014  
-0.768  
-1.596  
-0.016                                                          
-0.28                                                           
-2.126  1.115   0   -0.343                                              
-0.016                                                          
-0.967  0.33    0.265   0.099   0   -0.11   0.11    0   0   0   -0.428  0   0   0   0   -0.24
-0.028                                                          
-0.017                                                          
-0.554  0.414   0.489   -0.489                                              
-0.015                                                          
-0.14                                                           
-0.054  0.028   0   -0.021                                              
-0.029                                                          
-0.292  0.128   0.133   -0.133                                              
-2.849  1.254   0   -1.447                                              
