-0.02                                                           
-0.521  0.154   0.181   0.144   0   -0.214  0   0   0.027   0   -0.027  0   0   0   0.109   -0.109
-0.472  0.205   0   -0.057                                              
-0.524                                                          
-0.035  0.005   0   -0.005                                              
-4.394                                                          
-2.85   1.319   0   -0.037                                              
-0.014                                                          
-0.034  0.034   0.02    -0.064                                              
-0.018  0.002   0.014   -0.014                                              
-0.024                                                          
-0.118  0.002   0   -0.033                                              
-0.282  0.142   0.042   -0.042                                              
-0.088                                                          
-0.03   0.016   0   -0.02                                               
-0.057  0.026   0   -0.025                                              
-0.179                                                          
-0.033                                                          
-0.153  0.058   0   -0.065                                              
-0.013                                                          
