-0.019  
-0.101  
-0.067  
-0.018  
-0.257  0.133   0.054   -0.054  
-0.017  
-0.227  0.227   0.471   -1.945  
-0.016  
-0.238  0.238   0.138   -0.171  
-0.016  
-0.053  
-0.031  0.018   0.0 -0.028                                                     
-0.014                                                          
-0.124  0.078   0.07    -0.07                                               
-0.035  0.017   0   -0.028                                              
-0.032                                                          
-0.896  0.497   0.187   -0.187                                              
-0.061                                                          
-0.028  0.004   0.016   -0.016                                              
-0.015                                                          