-0.6    
-0.037  0.017   0.02    0.0 0.0 -0.063  0.0 0.031   0.0 0.0 -0.039  0.012   0.0 0.0 0.036   -0.036  
-0.083  
-1.475  0.685   0.021   -0.021  
-0.13   
-0.087  0.048   0.0 -0.023  
-0.049  0.049   0.013   -0.037  
-1.077  0.739   0.439   -0.439  
-0.018  0.002   0.0 -0.008  
-0.53   
-0.663  0.184   0.0 -0.161  
-0.024  0.016   0.0 -0.017  
-0.3
-0.57   0.144   0.299   0.015   0   -0.061  0.061   0   0   0   -0.287  0.287   0.2 0   0   -0.2
-0.028                                                          
-0.2                                                            
-0.124  0.078   0.07    -0.07                                               
-0.23                                                           
-0.014                                                          
-0.035  0.017   0   -0.028                                              
