-0.166                                                          
-0.027                                                          
-0.025                                                          
-0.12   0.063   0.242   -0.242                                              
-0.022                                                          
-0.257  0   0.099   0   0.106   -0.384  0   0.111   0   0.084   -0.084  0   0   0   0.151   -0.151
-0.013                                                          
-0.128  0.044   0.012   0.03    0.061   -0.061  0   0   0.051   0   -0.051  0   0   0   0.088   -0.088
-0.054  0.019   0   -0.032                                              
-0.052                                                          
-0.123  0.067   0   -0.14                                               
-0.014                                                          
-0.13                                                           
-0.392  0.221   0.031   -0.031                                              
-0.187                                                          
-0.029                                                          
-1.022                                                          
-0.047  0.014   0   -0.032                                              
-0.04                                                           
-0.013                                                          