-0.161  0.064   0.046   -0.046                                              
-0.073                                                          
-0.027                                                          
-0.395  0.119   0.205   -0.205                                              
-0.422                                                          
-0.556  0.556   0.078   -0.605                                              
-0.1                                                            
-0.056                                                          
-0.034                                                          
-0.062  0.018   0.042   -0.042                                              
-0.086  0.069   0   -0.015                                              
-0.705  0.679   1.421   -1.421                                              
-0.016                                                          
-0.021                                                          
-0.282  0.142   0.042   -0.042                                              
-0.088                                                          
-0.03   0.016   0   -0.02                                               
-0.19                                                           
-2.059                                                          
-0.047  0.014   0   -0.032                                              