-0.016	
-0.03	0.012	0.032	-0.032	
-0.053	0.044	0.0	-0.039	
-0.118  0.094   0.0 -0.012 
-0.109  0.109   1.159   -1.49   
-0.126  0.015   0.111   0.0 0.0 -0.039  0.011   0.028   0.091   0.0 -0.158  0.0 0.049   0.0 0.0 -0.049  
-0.128  0.044   0.012   0.03    0.061   -0.061  0.0 0.0 0.051   0.0 -0.051  0.0 0.0 0.0 0.088   -0.088  
-0.034  0.034   0.02    -0.064                                              
-0.018  0.002   0.014   -0.014                                              
-0.024                                                          
-0.118  0.002   0   -0.033                                              
-0.282  0.142   0.042   -0.042                                              
-0.088                                                          
-0.05	
-0.069  
-0.024  0.002   0.026   -0.026  
-0.31   0.15    0.077   -0.077  
-0.049  0.023   0.0  -0.052  
-0.321  0.117   0.17    -0.17   
-0.179  