-0.026                                                          
-1.577  0.391   0.627   0.114   0.253   -0.253  0   0   0   0.332   -0.332  0   0   0   0.006   -0.006
-0.016                                                          
-0.097  0.085   0   -0.044                                              
-6.863  5.172   1.849   -1.849                                              
-0.13                                                           
-0.1                                                            
-1.99   1.99    9.445   -20.964                                             
-0.038                                                          
-0.09                                                           
-0.016                                                                                                     
-0.04                                                           
-0.032  0.012   0.053   -0.053                                              
-0.14   0.05    0   -0.146                                              
-0.74   0.74    0.495   -1.556                                              
-0.097  0.041   0   -0.046                                              
-0.079                                                          
-0.068  0.031   0.008   -0.008                                              
-0.06   0.031   0   -0.017                                              
-0.159  0.085   0   -0.034                                              