-0.02                                                           
-0.521  0.154   0.181   0.144   0   -0.214  0   0   0.027   0   -0.027  0   0   0   0.109   -0.109
-0.472  0.205   0   -0.057                                              
-0.524                                                          
-0.035  0.005   0   -0.005                                              
-4.394                                                          
-2.85   1.319   0   -0.037                                              
-0.049  0.015   0   -0.015                                              
-0.034  0.034   0.02    -0.064                                              
-0.018  0.002   0.014   -0.014                                              
-0.024                                                          
-0.118  0.002   0   -0.033                                              
-0.282  0.142   0.042   -0.042                                              
-0.27   0.14    0.081   -0.081                                              
-0.03   0.016   0   -0.02                                               
-0.057  0.026   0   -0.025                                              
-0.179        
-0.163  0.082   0.035   0.035   0.0 -0.07   0.07    0.0 0.0 0.0 -0.029  0.029   0.0 0.0 0.0 -0.064  
-0.35  
-0.016  
-0.65  
-0.016  
-0.02   
-0.03   0.009   0.0 -0.01   
-1.415  0.093   0.0 -0.527  
-0.016  
-0.16  
-0.019  
-1.567  1.281   0.252   -0.252  
-0.207 
-0.036  
-0.016  
-0.02   
-0.24  
-0.045  0.015   0.017   -0.017  
-1.394  1.394   74.21   -105.543    
-0.08                                                     
-0.033                                                          
-0.595  0.362   0   -0.184                                              
-0.013                                                          
