-0.016	
-0.03	0.012	0.032	-0.032	
-0.053	0.044	0.0	-0.039	
-0.118  0.094   0.0 -0.012 
-0.109  0.109   1.159   -1.49   
-0.126  0.015   0.111   0.0 0.0 -0.039  0.011   0.028   0.091   0.0 -0.158  0.0 0.049   0.0 0.0 -0.049  
-0.166	
-0.027	
-0.185	0.185	0.485	-0.572	
-0.02	
-0.14	
-0.023  
-0.05   
-14.154 
-0.271  0.163   0.159   -0.159  
-0.069  
-0.593  0.528   2.974   -2.974  
-0.04   0.022   0.0 -0.015  
-0.018  
-0.583  0.149   0.11    0.158   0.0 -0.012  0.0 0.0 0.0 0.0 -0.032  0.0 0.0 0.0 0.1 -0.1
-0.048  
-0.51   
-0.037  
-0.015  
-0.26   
-0.018  
-0.204  0.204   0.841   -1.541  
-0.034  0.012   0.034   -0.034  
-0.117  
-0.015  
-0.15   
-0.019  0.001   0.014   -0.014  
-0.047  
-0.05	
-0.106  0.064   0.0 -0.011  
-0.118  0.094   0.0 -0.012  
-0.21	
-0.013	
-0.128  0.044   0.012   0.03    0.061   -0.061  0.0 0.0 0.051   0.0 -0.051  0.0 0.0 0.0 0.088   -0.088  
-0.069  
