-0.026  
-1.577  0.391   0.627   0.114   0.253   -0.253  0.0 0.0 0.0 0.332   -0.332  0.0 0.0 0.0 0.006   -0.006  
-0.016  
-0.097  0.085   0.0 -0.044  
-6.863  5.172   1.849   -1.849  
-0.13  
-38.501 38.448  58.038  -58.038  
-0.08  
-0.74   0.74    0.495   -1.556  
-0.097  0.041   0.0 -0.046  
-0.079  
-2.14  
-0.05   0.035   0.015   0.0 0.021   -0.057  0.0 0.006   0.0 0.055   -0.055  0.0 0.0 0.0 0.0 -0.056  
-0.04  
-0.032  0.012   0.053   -0.053  
-2.696  1.259   0.291   -0.291  
-0.056  
-0.205  
-0.086  0.019   0   -0.06                                               
-1.235                                                          
-0.041  0.041   0.004   -0.031                                              
-0.016                                                          
-0.04                                                           
-0.388  0.234   0.055   -0.055                                              
-0.16   0.128   0.2 -0.2                                                
-0.4    0.037   0.147   0.055   0   -0.175  0   0.175   0.172   0   -0.172  0   0.049   0   0   -0.049
-0.021                                                          
-0.21                                                           
-0.108                                                          
-0.16   0.055   0.075   -0.075                                              
-0.3                                                            
-0.063  0.037   0   -0.041                                              
-0.015                                                          
-0.37   0.207   0.032   -0.032                                              
-2.15                                                           
-0.063  0.008   0   -0.022                                              
-0.082                                                          
-0.128  0.074   0.064   -0.064                                              
-0.02   
-12.771 12.771  7.502   -7.609  
