-0.016	
-0.03	0.012	0.032	-0.032	
-0.053	0.044	0.0	-0.039	
-0.01  
-0.109  0.109   1.159   -1.49   
-0.126  0.015   0.111   0.0 0.0 -0.039  0.011   0.028   0.091   0.0 -0.158  0.0 0.049   0.0 0.0 -0.049  
-0.166	
-0.027	
-0.185	0.185	0.485	-0.572	
-0.02	
-0.14	
-0.106  0.064   0.0 -0.011  
-0.118  0.094   0.0 -0.012  
-0.21	
-0.013	
-0.128  0.044   0.012   0.03    0.061   -0.061  0.0 0.0 0.051   0.0 -0.051  0.0 0.0 0.0 0.088   -0.088  
-0.069  
-0.024  0.002   0.026   -0.026  
-0.31   0.15    0.077   -0.077  
-0.049  0.023   0.0  -0.052  
-0.321  0.117   0.17    -0.17   
-0.106  0.064   0.0 -0.011  
-0.054  
-0.16   0.106   0.105   -0.105  
-0.018  0.002   0.0 -0.011  
-0.03   
-0.015  
-0.08   0.005   0.0 -0.167  
-1.03   
-0.3    
-0.444  0.319   0.222   -0.222  
-0.181  0.024   0.034   0.101   0.0 -0.103  0.0 0.0 0.064   0.0 -0.064  0.0 0.0 0.022   0.0 -0.022  
-0.057  
-0.15   
-0.5    
-4.067  2.833   0.0 -1.038  
-0.025  
-1.013  
-0.05   
-0.105  0.015   0.04    -0.04   
