-0.67   0.592   0.33    -0.33                                               
-0.2                                                            
-0.23                                                           
-0.014                                                          
-0.124  0.078   0.07    -0.07                                               
-0.035  0.017   0   -0.028                                              
-0.032                                                          
-0.896  0.497   0.187   -0.187                                              
-0.061                                                          
-0.028  0.004   0.016   -0.016                                              
-0.015                                                          
-0.15                                                           
-0.05                                                           
-0.718  0.151   0.214   0.258   0.111   -0.111  0   0   0   0   -0.209  0   0   0   0   -0.017
-0.015                                                          
-0.342                                                          
-0.313  0.292   0   -0.224                                              
-0.057                                                          
-0.452  0.137   0.089   0.151   0   -0.007  0   0   0.054   0   -0.054  0   0   0   0   -0.046
-0.23   
-0.042  
-0.017  
-0.52   
-0.039  
-0.016  
-0.023  
-6.924  6.213   0.158   -0.158  
-0.092  
-0.12   
-0.202  0.016   0.041   -0.041  
-0.116  
-0.15   
-0.02   
-0.017  
-0.103  
-0.037  
-0.233  0.177   0.0 -0.017  
-0.167  0.075   0.084   -0.084  
-0.024  
-0.057  0.03    0   -0.022                                              
