-0.075  0.058   0.275   -0.275                                              
-0.369  0.199   0.035   -0.035                                              
-1.967                                                          
-0.061  0.033   0   -0.01                                               
-0.049  0.007   0.011   0.014   0   -0.018  0   0   0   0   -0.014  0   0   0   0   -0.018
-0.036  0   0   -0.016                                              
-0.098                                                          
-0.521  0.154   0.181   0.144   0   -0.214  0   0   0.027   0   -0.027  0   0   0   0.109   -0.109
-0.333  0.173   0   -0.047                                              
-0.22                                                           
-0.354  0.125   0.151   -0.151                                              
-0.028                                                          
-0.036  0.033   0   -0.048                                              
-0.24   0.044   0.175   -0.175                                              
-0.022                                                          
-0.9                                                            
-0.2  
-0.288  
-0.035  0.009   0.021   -0.021  
-0.016  
-3.655  3.655   6.394   -7.77   
-0.018  
-0.042  0.018   0.0 -0.011  
-0.102  
-0.016  
-0.045  
-0.36  
-0.07   
-0.058  0.058   0.155   -0.234  
-0.22  
-0.024  
-0.02   0.002   0.047   -0.047  
-0.283  
-0.039  
-0.039  
-0.014  
-0.21                                                            
-0.472  0.205   0   -0.057                                              
-0.524                                                          
-7.103  3.076   0   -0.282                                              
