-0.161  0.064   0.046   -0.046                                              
-0.073                                                          
-0.987  0.806   0.181   0   0   -1.785  0.649   0.407   0.609   0   -0.609  0   0   0   0.427   -0.427
-0.039                                                          
-0.03   0.014   0   -0.011                                              
-0.126  0.07    0.056   -0.056                                              
-0.031                                                          
-0.134  0.019   0   -0.031                                              
-0.07   0.046   0   -0.031                                              
-0.03   0.014   0   -0.011                                              
-0.184                                                          
-0.031                                                          
-0.153  0.106   0   -0.051  
-0.021  
-0.113  
-0.055  
-0.149  
-0.035  
-0.019  
-0.062  
-0.015  
-0.036  
-0.064  
-0.115  
-14.479 14.39   3.749   -3.749  
-0.072  
-0.09   0.029   0.013   -0.013  
-0.051  0.004   0.006   0.03    0.0 -0.031  0.0 0.0 0.0 0.009   -0.009  0.0 0.0 0.0 0.0 -0.025  
-0.052  
-0.19  
-0.023  
-0.024  
-0.229                                              
-0.07   0.046   0   -0.031                                              
-0.705  0.679   1.421   -1.421                                              
-0.016                                                          
-0.16                                                           
-0.017                                                          
-0.086  0.069   0   -0.015                                              
-0.023                                                          
