-0.292  0.128   0.133   -0.133                                              
-0.136  0.085   0.05    -0.05                                               
-0.175  0.029   0.181   -0.181                                              
-0.016                                                          
-0.03   0.012   0.032   -0.032                                              
-0.053  0.044   0   -0.039                                              
-0.021                                                          
-2.452  0   0.169   2.283   0   -4.529  0.657   1.778   2.182   0   -2.182  0   0   0.784   0   -0.784
-0.014                                                          
-0.166                                                          
-0.027                                                          
-0.185  0.185   0.485   -0.572                                              
-0.025                                                          
-0.14  
-0.034  
-0.168  0.035   0.0 -1.122  
-0.087  
-0.06   0.031   0.0 -0.017  
-0.159  0.085   0.0 -0.034  
-1.399  0.944   0.497   -0.497  
-0.115  
-0.038  
-0.019  
-0.016  
-0.025  
-0.022  
-0.105  0.047   0.0 -0.034  
-0.034  0.01    0.037   -0.037  
-1.99   1.99    9.445   -20.964 
-0.018  
-0.251  0.082   0.151   -0.151  
-0.164  0.122   0.0 -1.906  
-0.094  
-0.024                                                           
-0.025                                                          
-0.12   0.063   0.242   -0.242                                              
-0.022                                                          
-0.257  0   0.099   0   0.106   -0.384  0   0.111   0   0.084   -0.084  0   0   0   0.151   -0.151
-0.013                                                          
-0.128  0.044   0.012   0.03    0.061   -0.061  0   0   0.051   0   -0.051  0   0   0   0.088   -0.088
