-0.092  0.092   0.079   -0.127                                              
-0.016                                                          
-0.66   0.302   0.023   -0.023                                              
-0.196  0.196   0.133   -0.279                                              
-0.1    0.074   0.126   -0.126                                              
-0.472                                                          
-0.122                                                          
-0.022  0.002   0   -0.006                                              
-0.017                                                          
-1.587  0.288   0.054   -0.054                                              
-0.048  0.023   0   -0.015                                              
-0.515  0.283   0   -0.041                                              
-0.016                                                          
-0.081                                                          
-0.585  0.498   0.488   -0.488                                              
-0.252                                                          
-1.431  1.097   0   -0.011     
-0.019  
-0.238  
-0.036  
-0.35  
-0.18  
-0.073  
-0.022  
-0.23  
-0.032  0.025   0.0 -0.073  
-0.019  
-0.461  0.159   0.0 -5.278  
-0.188  
-0.022  
-0.28  
-0.07   
-0.146  
-0.108  0.076   0.137   -0.137  
-0.061  
-0.02   
-0.5                                            
-0.196  0.196   0.133   -0.279                                              
-0.433  0.089   0.082   0.062   0   -0.05   0.05    0   0.109   0   -0.109  0   0   0   0   -0.098
-0.092  0.092   0.079   -0.127                                              
