-2.052	0.254	0.979	0.433	0.0	-0.842	0.0	0.842	0.0	0.841	-0.841	0.0	0.0	0.0	0.0	-0.765	
-0.016	
-0.15	0.091	0.0	-0.107	
-0.018	
-0.021	0.004	0.0	-0.046	
-0.17	
-0.018	
-0.023	
-0.093	0.093	0.43	-0.966	
-0.112	0.112	1.166	-2.304	
-0.129	0.065	0.04	-0.04	
-0.093	0.06	0.054	-0.054	
-0.21	
-0.014  
-0.18  
-0.024  
-0.062  0.024   0.02    -0.02   
-0.285  0.113   0.0 0.161   0.0 -0.352  0.161   0.0 0.0 0.0 -0.189  0.189   0.09    0.0 0.0 -0.09   
-0.339  0.073   0.223   -0.223  
-0.015  
-0.16  
-0.123  
-0.018  
-0.22  
-0.114  
-0.134  
-0.854  0.386   0.076   0.164   0.0 -0.37   0.0 0.37    0.0 0.277   -0.277  0.0 0.35    0.0 0.0 -0.35   
-0.022  
-0.019  
-0.15  
-0.108  
-0.238  0.238   0.122   -0.149  
-0.094  
-0.067	
-0.145	
-0.208	0.129	0.043	-0.043	
-0.014	
-0.23	
-0.227	0.083	0.212	-0.212	
-0.209	0.041	0.441	-0.441	
