-0.013                                                          
-0.05   0.017   0   -0.018                                              
-0.059  0.011   0.02    0.028   0   -0.023  0   0   0   0   -0.034  0   0   0   0.016   -0.016
-0.148  0.124   0   -0.103                                              
-0.084                                                          
-0.014                                                          
-0.046  0.014   0.034   -0.034                                              
-0.027                                                          
-0.283  0.233   0.498   -0.498                                              
-0.3                                                            
-0.108  0.073   0.227   -0.227                                              
-0.029  0.01    0   -0.009                                              
-0.601  0.601   0.111   -0.147                                              
-0.135  0.059   0.033   -0.033                                              
-0.111                                                          
-0.056                                                          
-0.24
-0.021  
-0.76  
-0.015  
-0.066  
-0.017  
-0.049  
-0.45  
-0.051  
-0.023  
-0.16  
-0.195  0.078   0.104   0.005   0.0 -0.119  0.0 0.0 0.0 0.0 -0.116  0.116   0.0 0.124   0.0 -0.124  
-0.439  0.439   0.093   -0.323  
-0.023  
-0.017  
-0.242  
-4.055  
-0.015  
-0.15  
-0.021  
-0.45  
-0.293  
-0.017                                                             
-0.073                                                          
