-0.138  0.037   0.009   -0.009                                              
-0.07                                                           
-0.087                                                          
-0.06   0.031   0   -0.017                                              
-0.159  0.085   0   -0.034                                              
-1.399  0.944   0.497   -0.497                                              
-0.097  0.072   0   -0.03                                               
-0.038                                                          
-0.09                                                           
-0.016                                                          
-0.025                                                          
-0.22                                                           
-0.084  0.001   0.034   0.037   0   -0.005  0   0.005   0   0   -0.026  0.026   0   0   0   -0.008
-0.1                                                            
-1.99   1.99    9.445   -20.964                                             
-0.018    
-0.099  0.058   0.065   -0.065  
-0.02   
-0.047  
-0.108  
-0.16  
-0.02   
-0.099  0.058   0.065   -0.065  
-0.02   
-0.047  
-0.108  
-0.016  
-0.2   
-0.097  
-0.046  0.046   0.07    -0.136  
-0.141  0.048   0.031   -0.031  
-0.035  
-0.037  0.019   0.0 -0.017  
-1.0    1.0 0.424   -0.845  
-0.279  
-0.024                                                        
-0.251  0.082   0.151   -0.151                                              
-0.164  0.122   0   -1.906                                              
-0.495  0.382   0.411   -0.411                                              
-0.093  0.093   0.046   -0.077                                              
