-0.137  0.137   0.065   -0.256                                              
-0.07   0.046   0   -0.031                                              
-0.078  0.078   0.925   -1.369                                              
-0.052  0.026   0   -0.027                                              
-0.395  0.119   0.205   -0.205                                              
-0.123  0.067   0   -0.14                                               
-0.014                                                          
-0.13                                                           
-0.392  0.221   0.031   -0.031                                              
-0.187                                                          
-0.029                                                          
-1.022                                                          
-0.047  0.014   0   -0.032                                              
-0.04                                                           
-0.024  0.024   0.049   -0.504                                              
-0.013                                                          
-0.081  0.063   0   -0.117 
-0.161  0.064   0.046   -0.046  
-0.073  
-156.277    0.0 144.514 11.763  115.056 -211.52 83.208  0.0 0.0 0.0 -27.328 27.328  0.0 150.815 0.0 -150.815    
-0.039  
-0.122  
-0.024  
-0.018  
-0.766  
-0.16   
-0.056  
-0.034  
-0.363  
-0.086  0.069   0.0 -0.015  
-0.705  0.679   1.421   -1.421  
-0.016  
-0.016  
-0.017  
-0.023  
-0.043  
-0.015                                               
-0.077  0.034   0   -0.007                                              
-0.148  0.038   0   -0.08                                               
-0.052  0.041   0   0.01    0   -0.068  0.007   0   0   0   -0.072  0.032   0   0   0.064   -0.064
