-0.174	
-0.259	0.166	0.084	-0.084	
-0.051	
-0.043	0.013	0.05	-0.05	
-0.66	
-0.128  0.044   0.012   0.03    0.061   -0.061  0.0 0.0 0.051   0.0 -0.051  0.0 0.0 0.0 0.088   -0.088  
-0.016	
-0.023  0.002   0.0 -0.041  
-0.5   
-0.013  
-1.01   0.417   0.465   -0.465  
-0.028	
-0.017	
-0.554	0.414	0.489	-0.489	
-0.015
-0.068  0.031   0.008   -0.008  
-0.07  
-0.087  
-0.06   0.031   0.0 -0.017  
-0.159  0.085   0.0 -0.034  
-1.399  0.944   0.497   -0.497  
-0.115  
-0.038  
-0.09   
-0.016  
-0.025  
-0.22   
-0.084  0.001   0.034   0.037   0.0 -0.005  0.0 0.005   0.0 0.0 -0.026  0.026   0.0 0.0 0.0 -0.008  
-0.1  
-1.99   1.99    9.445   -20.964 
-0.018  
-0.251  0.082   0.151   -0.151  
-0.164  0.122   0.0 -1.906  
-0.94   
-0.024  	
-0.14	
-0.054	0.028	0.0	-0.021	
-0.29	
-0.63	
-2.849	1.254	0.0	-1.447	
