-0.313  0.292   0   -0.224                                              
-0.057                                                          
-0.037  0.026   0   -0.025                                              
-0.057  0.03    0   -0.022                                              
-0.057  0.014   0   -0.03                                               
-0.57   0.144   0.299   0.015   0   -0.061  0.061   0   0   0   -0.287  0.287   0.2 0   0   -0.2
-0.028                                                          
-0.2                                                            
-0.124  0.078   0.07    -0.07                                               
-0.23                                                           
-0.014                                                          
-0.035  0.017   0   -0.028                                              
-0.032                                                          
-0.896  0.497   0.187   -0.187                                              
-0.061
-0.067  0.026   0.034   -0.034  
-0.05   
-0.4    
-0.015  
-0.017  
-1.193  0.848   0.0 -0.284  
-0.018  
-0.149  
-0.023  
-0.022  
-0.178  
-0.024  
-0.017  
-0.195  0.093   0.108   -0.108  
-0.214  
-0.023  
-0.045  0.045   3.974   -6.235  
-0.035  
-0.059  0.021   0.0 -0.007  
-0.015                                                            
-0.028  0.004   0.016   -0.016                                              
-0.015                                                          
-0.018  0.006   0   -0.072                                              
-0.06   0.03    0   -0.012                                              
-0.243  0.187   0.075   -0.075                                              