-0.128  0.044   0.012   0.03    0.061   -0.061  0   0   0.051   0   -0.051  0   0   0   0.088   -0.088
-0.03                                                           
-0.027                                                          
-0.096  0.033   0   -0.057                                              
-0.27                                                           
-0.112  0.037   0.015   -0.015                                              
-1.443  0   0.752   0   0.43    -1.836  0.86    0.546   0   0.553   -0.553  0   0   1.766   0   -1.766
-0.082                                                          
-0.15                                                           
-0.034  0.025   0   -0.021                                              
-0.015
-0.059  
-0.09   
-0.193  0.108   0.0 -0.015  
-0.036  
-10.456 6.758   6.43    -6.43   
-0.022  
-0.02   
-0.039  
-0.016  
-0.015  
-0.015  
-0.174  0.092   0.0 -0.051  
-0.021  0.002   0.016   -0.016  
-0.334  
-0.014  
-0.878  0.571   0.0 -0.283  
-0.084  
-0.272  0.176   0.113   -0.113  
-0.223  0.15    0.0 -0.164  
-0.132  0.026   0.0 -0.004  
-0.126  0.102   0.0 -0.019  
-0.115  0.056   0.0 -0.012                                                            
-0.06                                                           
-0.04   0.001   0   -0.008                                              
-0.265  0.131   0.063   -0.063                                              
-4.851  2.008   0.194   -0.194                                              
-0.086                                                          
-0.31   0.15    0.077   -0.077                                              
-0.013                                                          
