-0.016                                                          
-0.094  0.044   0   -0.011                                              
-0.053  0.044   0   -0.039                                              
-1.033  1.033   0.65    -1.453                                              
-0.109  0.109   1.159   -1.49                                               
-0.126  0.015   0.111   0   0   -0.039  0.011   0.028   0.091   0   -0.158  0   0.049   0   0   -0.049
-0.166                                                          
-0.027                                                          
-0.185  0.185   0.485   -0.572                                              
-0.02                                                           
-0.14                                                           
-0.106  0.064   0   -0.011                                              
-0.118  0.094   0   -0.012                                              
-0.21                                                           
-0.015  0.001   0   -0.013                                              
-0.128  0.044   0.012   0.03    0.061   -0.061  0   0   0.051   0   -0.051  0   0   0   0.088   -0.088
-0.069     
-0.092  0.092   0.079   -0.127  
-0.016  
-0.014  
-0.196  0.196   0.133   -0.279  
-0.1    0.074   0.126   -0.126  
-0.472  
-0.122  
-0.022  0.002   0.0 -0.006  
-0.017  
-1.587  0.288   0.054   -0.054  
-0.02   
-0.515  0.283   0.0 -0.041  
-0.016  
-0.081  
-0.585  0.498   0.488   -0.488  
-0.252  
-1.431  1.097   0.0 -0.011  
-0.042  
-0.054  
-0.08   
-0.976  0.751   0.0 -0.508  
-0.125  
-0.023                                                       
