-0.026  
-1.577  0.391   0.627   0.114   0.253   -0.253  0.0 0.0 0.0 0.332   -0.332  0.0 0.0 0.0 0.006   -0.006  
-0.016  
-0.097  0.085   0.0 -0.044  
-6.863  5.172   1.849   -1.849  
-0.13  
-38.501 38.448  58.038  -58.038  
-0.08  
-0.74   0.74    0.495   -1.556  
-0.097  0.041   0.0 -0.046  
-0.079  
-2.14  
-0.05   0.035   0.015   0.0 0.021   -0.057  0.0 0.006   0.0 0.055   -0.055  0.0 0.0 0.0 0.0 -0.056  
-0.04
-2.052  0.254   0.979   0.433   0.0 -0.842  0.0 0.842   0.0 0.841   -0.841  0.0 0.0 0.0 0.0 -0.765  
-0.016  
-0.15   0.091   0.0 -0.107  
-0.018  
-0.021  0.004   0.0 -0.046  
-0.17   
-0.018  
-0.023  
-0.093  0.093   0.43    -0.966  
-0.112  0.112   1.166   -2.304  
-0.129  0.065   0.04    -0.04   
-0.093  0.06    0.054   -0.054  
-0.21   
-0.067  
-0.145  
-0.208  0.129   0.043   -0.043  
-0.014  
-0.23   
-0.227  0.083   0.212   -0.212  
-0.209  0.041   0.441   -0.441    
-0.032  0.012   0.053   -0.053  
-2.696  1.259   0.291   -0.291  
-0.056  
-0.205  
-0.02   
-12.771 12.771  7.502   -7.609  
