-0.174                                                          
-0.259  0.166   0.084   -0.084                                              
-0.131  0.072   0   -0.045                                              
-0.043  0.013   0.05    -0.05                                               
-0.66                                                           
-0.128  0.044   0.012   0.03    0.061   -0.061  0   0   0.051   0   -0.051  0   0   0   0.088   -0.088
-0.016                                                          
-0.28                                                           
-2.126  1.115   0   -0.343                                              
-0.016                                                          
-0.967  0.33    0.265   0.099   0   -0.11   0.11    0   0   0   -0.428  0   0   0   0   -0.24
-0.028                                                          
-0.017
-0.039          
-0.094  0.057   0.042   -0.042
-0.055          
-0.019          
-0.44           
-0.018          
-0.19           
-0.017          
-0.16           
-0.038  0.018   0   -0.011
-0.211  0.211   0.326   -0.455
-0.028  0.008   0.033   -0.033
-0.015          
-0.037          
-0.34           
-0.058  0.019   0.042   -0.042
-0.038  0.03    0   -0.036
-0.186  0.063   0.015   -0.015
-0.157  0.1 0   -0.05
-0.226  0.111   0.225   -0.225                                                          
-0.554  0.414   0.489   -0.489                                              
-0.015                                                          
-0.14                                                           
-0.054  0.028   0   -0.021                                              
-0.029                                                          
-0.292  0.128   0.133   -0.133                                              
-2.849  1.254   0   -1.447                                              
