-0.068  0.031   0.008   -0.008  
-0.07  
-0.087  
-0.06   0.031   0.0 -0.017  
-0.159  0.085   0.0 -0.034  
-1.399  0.944   0.497   -0.497  
-0.115  
-0.038  
-0.09   
-0.016  
-0.025  
-0.22   
-0.084  0.001   0.034   0.037   0.0 -0.005  0.0 0.005   0.0 0.0 -0.026  0.026   0.0 0.0 0.0 -0.008  
-0.1  
-1.99   1.99    9.445   -20.964 
-0.018  
-0.251  0.082   0.151   -0.151  
-0.164  0.122   0.0 -1.906  
-0.94   
-0.024	
-0.044  0.025   0.0 -0.026  
-0.277  
-0.02   
-0.045  
-1.105  0.739   0.049   -0.049  
-0.8  
-0.16  
-0.034  
-0.052  
-0.44
-0.14       
-0.015  
-0.756  
-0.021  
-0.4  
-0.096  
-0.013  
-0.3  
-0.262  
-0.051  
