-0.014  
-0.041  0.011   0.017   -0.017  
-0.02   
-0.018  
-0.265  0.214   0.0 -0.048  
-0.019  
-0.039  
-0.062  
-0.018  
-0.043  
-0.02   
-0.018  
-0.104  
-0.172  0.073   0.0 -0.01   
-0.134  
-1.01   
-0.044  
-0.039  0.012   0.0 -0.008  
-0.019  
-0.101  
-0.067  
-0.018  
-0.257  0.133   0.054   -0.054  
-0.017  
-0.227  0.227   0.471   -1.945  
-0.016  
-0.238  0.238   0.138   -0.171  
-0.016  
-0.053  
-0.031  0.018   0.0 -0.028
-0.027  
-0.72   
-0.057  
-0.08   
-0.453  
-0.506  0.124   0.149   0.031   0.0 -0.223  0.223   0.0 0.203   0.0 -0.203  0.0 0.0 0.067   0.0 -0.067  
-0.016  
-0.15   
-0.5    
-0.021  

