-0.092  0.092   0.079   -0.127                                              
-0.016                                                          
-0.66   0.302   0.023   -0.023                                              
-0.196  0.196   0.133   -0.279                                              
-0.1    0.074   0.126   -0.126                                              
-0.472                                                          
-0.122                                                          
-0.022  0.002   0   -0.006                                              
-0.017                                                          
-1.587  0.288   0.054   -0.054                                              
-0.048  0.023   0   -0.015                                              
-0.515  0.283   0   -0.041                                              
-0.016                                                          
-0.081                                                          
-0.585  0.498   0.488   -0.488                                              
-0.252                                                          
-1.431  1.097   0   -0.011                                              
-0.196  0.196   0.133   -0.279                                              
-0.433  0.089   0.082   0.062   0   -0.05   0.05    0   0.109   0   -0.109  0   0   0   0   -0.098
-0.092  0.092   0.079   -0.127                                              
-0.585  0.498   0.488   -0.488                                              
-0.976  0.751   0   -0.508                                              
-0.196  0.163   0.0 -0.065  
-0.063  0.033   0.028   -0.028  
-0.024  
-0.16   
-0.053  
-0.151  
-0.054  
-0.021  
-0.07   0.003   0.061   -0.061  
-0.27   
-0.03   
-0.013  
-0.108  0.046   0.052   -0.052  
-0.013  
-0.223  
-0.74   0.74    0.495   -1.556  
-0.097  0.041   0.0 -0.046  
-0.079  
