-0.161  0.064   0.046   -0.046                                              
-0.073                                                          
-0.356  0.037   0.149   0.072   0   -0.018  0   0   0.166   0   -0.166  0   0   0.161   0   -0.161
-0.039                                                          
-0.078  0.078   0.925   -1.369                                              
-0.052  0.026   0   -0.027                                              
-0.395  0.119   0.205   -0.205                                              
-0.422  0.09    0.073   0.073   0.41    -0.41   0   0   0.27    0   -0.27   0   0   0   0.072   -0.072
-0.556  0.556   0.078   -0.605                                              
-0.1                                                            
-0.056  
-0.161  0.064   0.046   -0.046  
-0.073  
-156.277    0.0 144.514 11.763  115.056 -211.52 83.208  0.0 0.0 0.0 -27.328 27.328  0.0 150.815 0.0 -150.815    
-0.039  
-0.122  
-0.024  
-0.18  
-0.766  
-0.556  0.556   0.078   -0.605  
-0.1  
-0.056  
-0.034  
-0.363  
-0.086  0.069   0.0 -0.015  
-0.705  0.679   1.421   -1.421  
-0.016  
-0.16  
-0.282  0.142   0.042   -0.042  
-0.088  
-0.03   0.016   0.0 -0.02                                                           
-0.034                                                          
-0.062  0.018   0.042   -0.042                                              
-0.086  0.069   0   -0.015                                              
-0.705  0.679   1.421   -1.421                                              
-0.016                                                          
-0.021  0.003   0.012   -0.012                                              
-0.282  0.142   0.042   -0.042                                              
-0.088                                                          
-0.03   0.016   0   -0.02                                               
