-0.016	
-0.03	0.012	0.032	-0.032	
-0.053	0.044	0.0	-0.039	
-0.118  0.094   0.0 -0.012 
-0.109  0.109   1.159   -1.49   
-0.126  0.015   0.111   0.0 0.0 -0.039  0.011   0.028   0.091   0.0 -0.158  0.0 0.049   0.0 0.0 -0.049  
-0.166	
-0.027	
-0.185	0.185	0.485	-0.572	
-0.02	
-0.14	
-0.05	
-0.106  0.064   0.0 -0.011  
-0.118  0.094   0.0 -0.012  
-0.21	
-0.013	
-0.128  0.044   0.012   0.03    0.061   -0.061  0.0 0.0 0.051   0.0 -0.051  0.0 0.0 0.0 0.088   -0.088  
-0.069  
-0.024  0.002   0.026   -0.026  
-0.31   0.15    0.077   -0.077  
-0.049  0.023   0.0  -0.052  
-0.321  0.117   0.17    -0.17   
-0.027  
-0.4    
-0.02   
-0.13   
-0.01  
-55.2   41.05   0.209   -0.209  
-0.171  
-0.023  
-0.015  
-0.52   
-0.131  
-0.503  0.171   0.149   0.048   0.214   -0.214  0.0 0.0 0.0 0.129   -0.129  0.0 0.0 0.0 0.028   -0.028  
-0.05   
-0.252  0.134   0.0 -0.015  
-0.091  
-0.14   
-0.22   
-0.1    
